,seasonal_indices,seasonal_indices_change,seasonal_indices_percent
1,-46.64,,
2,-49.83,-3.19,6.84
3,2.46,52.29,104.93
4,-8.99,-11.44,465.94
5,18.84,27.83,309.72
6,6.57,-12.27,65.12
7,5.17,-1.4,21.38
8,14.21,9.04,174.94
9,-17.72,-31.92,224.72
10,-4.57,13.15,74.23
11,3.1,7.66,167.87
12,77.4,74.3,2397.7
